
011000000000000000000000000000
000000000000001000000000000000
000111000000000000000000000000
000000000000010000000000000000
000000000000000110000000000000
000000111000000000000000000000
000000000001100000000000000000
000000000000000000000000000000
000000000100000000000000000000
000000000010000000000000000000
000000000000000000000000000000
000000000000000000000000100000
000000000000000000000000010000
000000000000000000000000001000
000000000000000000001111000000
000000000000000001000000000000
000000000000000000000000000000
000000000000000000110000000000
000000000000000000000000000000
000000000000000000000000000000
000000000000000000000000000000
000000000000000000000000000000
000000000000000000000000000000
000000000000000000000000000000
000000000000000000000000000000
000000000000000000000000000000
000000000000000000000000000110
000000000000000000000000000000
000000000000000000000000000001
000000000000000000000000000000


0 25
17 19
5 25
2 29

22 5
1 12
3 25
4 29

